NOAA 15 [B]
1 25338U 98030A   16209.50533880  .00000056  00000-0  42603-4 0  9991
2 25338  98.7834 213.7366 0011770  71.4240 288.8217 14.25743734946739
NOAA 18 [B]
1 28654U 05018A   16209.51559269  .00000045  00000-0  50182-4 0  9998
2 28654  99.1972 217.4954 0013222 261.6338  98.3334 14.12296122576429
NOAA 19 [+]
1 33591U 09005A   16209.47579517  .00000084  00000-0  70773-4 0  9998
2 33591  99.0430 166.5859 0015051 104.2172 256.0672 14.12092121384823
METEOR-M 2
1 40069U 14037A   16210.11129877 -.00000002  00000-0  19316-4 0  9997
2 40069  98.7031 264.7243 0006708  71.6592 288.5324 14.20632908106541
